function data()
return {
	times = { 0, 41.667, 83.333, 125, 166.667, 208.333, 250, 291.667, 333.333, 375, 416.667, 458.333, 500, 541.667, 583.333, 625, 666.667, 708.333, 750, 791.667, 833.333, 875, 916.667, 958.333, 1000, 1041.667, 1083.333, 1125, 1166.667, 1208.333, 1250, 1291.667, 1333.333, 1375, 1416.667, 1458.333, 1500, 1541.667, 1583.333, 1625, 1666.667, 1708.333, 1750, 1791.667, 1833.333, 1875, 1916.667, 1958.333, 2000, 2041.667, 2083.333, },
	transfs = {
		{ 1, 0, 0, 0, 0, 1, 0, 0, 0, 0, 1, 0, 0, 0, 0, 1, },
		{ 0.99999982118607, 0, 0.00064344808924943, 0, 0, 1, 0, 0, -0.00064344808924943, 0, 0.99999982118607, 0, 0, 0, 0, 1, },
		{ 0.99999666213989, 0, 0.0025818035937846, 0, 0, 1, 0, 0, -0.0025818035937846, 0, 0.99999666213989, 0, 0, 0, 0, 1, },
		{ 0.99998301267624, 0, 0.0058250408619642, 0, 0, 1, 0, 0, -0.0058250408619642, 0, 0.99998301267624, 0, 0, 0, 0, 1, },
		{ 0.99994611740112, 0, 0.010380040854216, 0, 0, 1, 0, 0, -0.010380040854216, 0, 0.99994611740112, 0, 0, 0, 0, 1, },
		{ 0.99986797571182, 0, 0.016250086948276, 0, 0, 1, 0, 0, -0.016250086948276, 0, 0.99986797571182, 0, 0, 0, 0, 1, },
		{ 0.99972540140152, 0, 0.023434285074472, 0, 0, 1, 0, 0, -0.023434285074472, 0, 0.99972540140152, 0, 0, 0, 0, 1, },
		{ 0.99949020147324, 0, 0.031926941126585, 0, 0, 1, 0, 0, -0.031926941126585, 0, 0.99949020147324, 0, 0, 0, 0, 1, },
		{ 0.99912947416306, 0, 0.041716936975718, 0, 0, 1, 0, 0, -0.041716936975718, 0, 0.99912947416306, 0, 0, 0, 0, 1, },
		{ 0.99860578775406, 0, 0.052786950021982, 0, 0, 1, 0, 0, -0.052786950021982, 0, 0.99860578775406, 0, 0, 0, 0, 1, },
		{ 0.99787789583206, 0, 0.065112866461277, 0, 0, 1, 0, 0, -0.065112866461277, 0, 0.99787789583206, 0, 0, 0, 0, 1, },
		{ 0.99690127372742, 0, 0.078663043677807, 0, 0, 1, 0, 0, -0.078663043677807, 0, 0.99690127372742, 0, 0, 0, 0, 1, },
		{ 0.9956288933754, 0, 0.09339763969183, 0, 0, 1, 0, 0, -0.09339763969183, 0, 0.9956288933754, 0, 0, 0, 0, 1, },
		{ 0.9940122961998, 0, 0.10926812887192, 0, 0, 1, 0, 0, -0.10926812887192, 0, 0.9940122961998, 0, 0, 0, 0, 1, },
		{ 0.99200266599655, 0, 0.12621688842773, 0, 0, 1, 0, 0, -0.12621688842773, 0, 0.99200266599655, 0, 0, 0, 0, 1, },
		{ 0.98955196142197, 0, 0.14417667686939, 0, 0, 1, 0, 0, -0.14417667686939, 0, 0.98955196142197, 0, 0, 0, 0, 1, },
		{ 0.98661434650421, 0, 0.16307081282139, 0, 0, 1, 0, 0, -0.16307081282139, 0, 0.98661434650421, 0, 0, 0, 0, 1, },
		{ 0.98314768075943, 0, 0.18281324207783, 0, 0, 1, 0, 0, -0.18281324207783, 0, 0.98314768075943, 0, 0, 0, 0, 1, },
		{ 0.97911471128464, 0, 0.20330859720707, 0, 0, 1, 0, 0, -0.20330859720707, 0, 0.97911471128464, 0, 0, 0, 0, 1, },
		{ 0.97448486089706, 0, 0.22445331513882, 0, 0, 1, 0, 0, -0.22445331513882, 0, 0.97448486089706, 0, 0, 0, 0, 1, },
		{ 0.96923524141312, 0, 0.2461361438036, 0, 0, 1, 0, 0, -0.2461361438036, 0, 0.96923524141312, 0, 0, 0, 0, 1, },
		{ 0.96335226297379, 0, 0.26823952794075, 0, 0, 1, 0, 0, -0.26823952794075, 0, 0.96335226297379, 0, 0, 0, 0, 1, },
		{ 0.95683223009109, 0, 0.29064074158669, 0, 0, 1, 0, 0, -0.29064074158669, 0, 0.95683223009109, 0, 0, 0, 0, 1, },
		{ 0.949682533741, 0, 0.31321406364441, 0, 0, 1, 0, 0, -0.31321406364441, 0, 0.949682533741, 0, 0, 0, 0, 1, },
		{ 0.94192183017731, 0, 0.33583214879036, 0, 0, 1, 0, 0, -0.33583214879036, 0, 0.94192183017731, 0, 0, 0, 0, 1, },
		{ 0.93358039855957, 0, 0.35836797952652, 0, 0, 1, 0, 0, -0.35836797952652, 0, 0.93358039855957, 0, 0, 0, 0, 1, },
		{ 0.92469990253448, 0, 0.3806968331337, 0, 0, 1, 0, 0, -0.3806968331337, 0, 0.92469990253448, 0, 0, 0, 0, 1, },
		{ 0.91533273458481, 0, 0.40269833803177, 0, 0, 1, 0, 0, -0.40269833803177, 0, 0.91533273458481, 0, 0, 0, 0, 1, },
		{ 0.90554147958755, 0, 0.42425775527954, 0, 0, 1, 0, 0, -0.42425775527954, 0, 0.90554147958755, 0, 0, 0, 0, 1, },
		{ 0.89539742469788, 0, 0.44526779651642, 0, 0, 1, 0, 0, -0.44526779651642, 0, 0.89539742469788, 0, 0, 0, 0, 1, },
		{ 0.88497936725616, 0, 0.46563023328781, 0, 0, 1, 0, 0, -0.46563023328781, 0, 0.88497936725616, 0, 0, 0, 0, 1, },
		{ 0.874371945858, 0, 0.48525631427765, 0, 0, 1, 0, 0, -0.48525631427765, 0, 0.874371945858, 0, 0, 0, 0, 1, },
		{ 0.86366403102875, 0, 0.50406789779663, 0, 0, 1, 0, 0, -0.50406789779663, 0, 0.86366403102875, 0, 0, 0, 0, 1, },
		{ 0.85294699668884, 0, 0.52199757099152, 0, 0, 1, 0, 0, -0.52199757099152, 0, 0.85294699668884, 0, 0, 0, 0, 1, },
		{ 0.84231305122375, 0, 0.53898859024048, 0, 0, 1, 0, 0, -0.53898859024048, 0, 0.84231305122375, 0, 0, 0, 0, 1, },
		{ 0.83185344934464, 0, 0.55499535799026, 0, 0, 1, 0, 0, -0.55499535799026, 0, 0.83185344934464, 0, 0, 0, 0, 1, },
		{ 0.82165724039078, 0, 0.56998193264008, 0, 0, 1, 0, 0, -0.56998193264008, 0, 0.82165724039078, 0, 0, 0, 0, 1, },
		{ 0.81180971860886, 0, 0.58392208814621, 0, 0, 1, 0, 0, -0.58392208814621, 0, 0.81180971860886, 0, 0, 0, 0, 1, },
		{ 0.80239152908325, 0, 0.59679794311523, 0, 0, 1, 0, 0, -0.59679794311523, 0, 0.80239152908325, 0, 0, 0, 0, 1, },
		{ 0.79347783327103, 0, 0.60859912633896, 0, 0, 1, 0, 0, -0.60859912633896, 0, 0.79347783327103, 0, 0, 0, 0, 1, },
		{ 0.7851368188858, 0, 0.61932235956192, 0, 0, 1, 0, 0, -0.61932235956192, 0, 0.7851368188858, 0, 0, 0, 0, 1, },
		{ 0.77743005752563, 0, 0.62896943092346, 0, 0, 1, 0, 0, -0.62896943092346, 0, 0.77743005752563, 0, 0, 0, 0, 1, },
		{ 0.77041190862656, 0, 0.637546479702, 0, 0, 1, 0, 0, -0.637546479702, 0, 0.77041190862656, 0, 0, 0, 0, 1, },
		{ 0.76412928104401, 0, 0.64506316184998, 0, 0, 1, 0, 0, -0.64506316184998, 0, 0.76412928104401, 0, 0, 0, 0, 1, },
		{ 0.7586213350296, 0, 0.65153181552887, 0, 0, 1, 0, 0, -0.65153181552887, 0, 0.7586213350296, 0, 0, 0, 0, 1, },
		{ 0.75392007827759, 0, 0.65696614980698, 0, 0, 1, 0, 0, -0.65696614980698, 0, 0.75392007827759, 0, 0, 0, 0, 1, },
		{ 0.75005030632019, 0, 0.66138076782227, 0, 0, 1, 0, 0, -0.66138076782227, 0, 0.75005030632019, 0, 0, 0, 0, 1, },
		{ 0.74702990055084, 0, 0.66479045152664, 0, 0, 1, 0, 0, -0.66479045152664, 0, 0.74702990055084, 0, 0, 0, 0, 1, },
		{ 0.74486988782883, 0, 0.66720980405807, 0, 0, 1, 0, 0, -0.66720980405807, 0, 0.74486988782883, 0, 0, 0, 0, 1, },
		{ 0.74357515573502, 0, 0.66865235567093, 0, 0, 1, 0, 0, -0.66865235567093, 0, 0.74357515573502, 0, 0, 0, 0, 1, },
		{ 0.74314481019974, 0, 0.66913062334061, 0, 0, 1, 0, 0, -0.66913062334061, 0, 0.74314481019974, 0, 0, 0, 0, 1, },
	},
}
end
