function data()
return {
	times = { 0, 41.667, 83.333, 125, 166.667, 208.333, 250, 291.667, 333.333, 375, 416.667, 458.333, 500, 541.667, 583.333, 625, 666.667, 708.333, 750, 791.667, 833.333, 875, 916.667, 958.333, 1000, 1041.667, 1083.333, 1125, 1166.667, 1208.333, 1250, 1291.667, 1333.333, 1375, 1416.667, 1458.333, 1500, 1541.667, 1583.333, 1625, 1666.667, 1708.333, 1750, 1791.667, 1833.333, 1875, 1916.667, 1958.333, 2000, 2041.667, 2083.333, },
	transfs = {
		{ 1, 0, 0, 0, 0, 1, 0, 0, 0, 0, 1, 0, 0, 0, 0, 1, },
		{ 1, 0, 0, 0, 0, 0.99999904632568, -0.0013795214472339, 0, 0, 0.0013795214472339, 0.99999904632568, 0, 0, 0, 0, 1, },
		{ 1, 0, 0, 0, 0, 0.99998468160629, -0.0055352398194373, 0, 0, 0.0055352398194373, 0.99998468160629, 0, 0, 0, 0, 1, },
		{ 1, 0, 0, 0, 0, 0.99992203712463, -0.012488352134824, 0, 0, 0.012488352134824, 0.99992203712463, 0, 0, 0, 0, 1, },
		{ 1, 0, 0, 0, 0, 0.9997524023056, -0.022252866998315, 0, 0, 0.022252866998315, 0.9997524023056, 0, 0, 0, 0, 1, },
		{ 1, 0, 0, 0, 0, 0.9993931055069, -0.034833893179893, 0, 0, 0.034833893179893, 0.9993931055069, 0, 0, 0, 0, 1, },
		{ 1, 0, 0, 0, 0, 0.99873793125153, -0.050225432962179, 0, 0, 0.050225432962179, 0.99873793125153, 0, 0, 0, 0, 1, },
		{ 1, 0, 0, 0, 0, 0.99765741825104, -0.068408012390137, 0, 0, 0.068408012390137, 0.99765741825104, 0, 0, 0, 0, 1, },
		{ 1, 0, 0, 0, 0, 0.99600064754486, -0.089345760643482, 0, 0, 0.089345760643482, 0.99600064754486, 0, 0, 0, 0, 1, },
		{ 1, 0, 0, 0, 0, 0.99359685182571, -0.11298355460167, 0, 0, 0.11298355460167, 0.99359685182571, 0, 0, 0, 0, 1, },
		{ 1, 0, 0, 0, 0, 0.99025815725327, -0.13924372196198, 0, 0, 0.13924372196198, 0.99025815725327, 0, 0, 0, 0, 1, },
		{ 1, 0, 0, 0, 0, 0.98578304052353, -0.16802334785461, 0, 0, 0.16802334785461, 0.98578304052353, 0, 0, 0, 0, 1, },
		{ 1, 0, 0, 0, 0, 0.97996068000793, -0.19919101893902, 0, 0, 0.19919101893902, 0.97996068000793, 0, 0, 0, 0, 1, },
		{ 1, 0, 0, 0, 0, 0.97257620096207, -0.23258456587791, 0, 0, 0.23258456587791, 0.97257620096207, 0, 0, 0, 0, 1, },
		{ 1, 0, 0, 0, 0, 0.96341621875763, -0.2680096924305, 0, 0, 0.2680096924305, 0.96341621875763, 0, 0, 0, 0, 1, },
		{ 1, 0, 0, 0, 0, 0.95227593183517, -0.3052384853363, 0, 0, 0.3052384853363, 0.95227593183517, 0, 0, 0, 0, 1, },
		{ 1, 0, 0, 0, 0, 0.93896597623825, -0.34401005506516, 0, 0, 0.34401005506516, 0.93896597623825, 0, 0, 0, 0, 1, },
		{ 1, 0, 0, 0, 0, 0.92331969738007, -0.38403218984604, 0, 0, 0.38403218984604, 0.92331969738007, 0, 0, 0, 0, 1, },
		{ 1, 0, 0, 0, 0, 0.90520095825195, -0.42498379945755, 0, 0, 0.42498379945755, 0.90520095825195, 0, 0, 0, 0, 1, },
		{ 1, 0, 0, 0, 0, 0.8845106959343, -0.46651989221573, 0, 0, 0.46651989221573, 0.8845106959343, 0, 0, 0, 0, 1, },
		{ 1, 0, 0, 0, 0, 0.86119359731674, -0.50827711820602, 0, 0, 0.50827711820602, 0.86119359731674, 0, 0, 0, 0, 1, },
		{ 1, 0, 0, 0, 0, 0.83524268865585, -0.54988145828247, 0, 0, 0.54988145828247, 0.83524268865585, 0, 0, 0, 0, 1, },
		{ 1, 0, 0, 0, 0, 0.80670356750488, -0.59095627069473, 0, 0, 0.59095627069473, 0.80670356750488, 0, 0, 0, 0, 1, },
		{ 1, 0, 0, 0, 0, 0.77567619085312, -0.63113111257553, 0, 0, 0.63113111257553, 0.77567619085312, 0, 0, 0, 0, 1, },
		{ 1, 0, 0, 0, 0, 0.74231415987015, -0.67005199193954, 0, 0, 0.67005199193954, 0.74231415987015, 0, 0, 0, 0, 1, },
		{ 1, 0, 0, 0, 0, 0.70682311058044, -0.70739030838013, 0, 0, 0.70739030838013, 0.70682311058044, 0, 0, 0, 0, 1, },
		{ 1, 0, 0, 0, 0, 0.66945618391037, -0.74285155534744, 0, 0, 0.74285155534744, 0.66945618391037, 0, 0, 0, 0, 1, },
		{ 1, 0, 0, 0, 0, 0.63050836324692, -0.77618247270584, 0, 0, 0.77618247270584, 0.63050836324692, 0, 0, 0, 0, 1, },
		{ 1, 0, 0, 0, 0, 0.5903086066246, -0.80717766284943, 0, 0, 0.80717766284943, 0.5903086066246, 0, 0, 0, 0, 1, },
		{ 1, 0, 0, 0, 0, 0.54921102523804, -0.83568370342255, 0, 0, 0.83568370342255, 0.54921102523804, 0, 0, 0, 0, 1, },
		{ 1, 0, 0, 0, 0, 0.50758600234985, -0.86160111427307, 0, 0, 0.86160111427307, 0.50758600234985, 0, 0, 0, 0, 1, },
		{ 1, 0, 0, 0, 0, 0.4658100605011, -0.88488471508026, 0, 0, 0.88488471508026, 0.4658100605011, 0, 0, 0, 0, 1, },
		{ 1, 0, 0, 0, 0, 0.42425727844238, -0.90554171800613, 0, 0, 0.90554171800613, 0.42425727844238, 0, 0, 0, 0, 1, },
		{ 1, 0, 0, 0, 0, 0.38329121470451, -0.92362755537033, 0, 0, 0.92362755537033, 0.38329121470451, 0, 0, 0, 0, 1, },
		{ 1, 0, 0, 0, 0, 0.34325662255287, -0.93924164772034, 0, 0, 0.93924164772034, 0.34325662255287, 0, 0, 0, 0, 1, },
		{ 1, 0, 0, 0, 0, 0.30447444319725, -0.95252048969269, 0, 0, 0.95252048969269, 0.30447444319725, 0, 0, 0, 0, 1, },
		{ 1, 0, 0, 0, 0, 0.26723659038544, -0.96363097429276, 0, 0, 0.96363097429276, 0.26723659038544, 0, 0, 0, 0, 1, },
		{ 1, 0, 0, 0, 0, 0.23180414736271, -0.97276246547699, 0, 0, 0.97276246547699, 0.23180414736271, 0, 0, 0, 0, 1, },
		{ 1, 0, 0, 0, 0, 0.19840486347675, -0.98012012243271, 0, 0, 0.98012012243271, 0.19840486347675, 0, 0, 0, 0, 1, },
		{ 1, 0, 0, 0, 0, 0.16723217070103, -0.98591756820679, 0, 0, 0.98591756820679, 0.16723217070103, 0, 0, 0, 0, 1, },
		{ 1, 0, 0, 0, 0, 0.13844914734364, -0.99036955833435, 0, 0, 0.99036955833435, 0.13844914734364, 0, 0, 0, 0, 1, },
		{ 1, 0, 0, 0, 0, 0.11218640953302, -0.99368715286255, 0, 0, 0.99368715286255, 0.11218640953302, 0, 0, 0, 0, 1, },
		{ 1, 0, 0, 0, 0, 0.088546641170979, -0.9960720539093, 0, 0, 0.9960720539093, 0.088546641170979, 0, 0, 0, 0, 1, },
		{ 1, 0, 0, 0, 0, 0.067607328295708, -0.99771201610565, 0, 0, 0.99771201610565, 0.067607328295708, 0, 0, 0, 0, 1, },
		{ 1, 0, 0, 0, 0, 0.049424104392529, -0.99877786636353, 0, 0, 0.99877786636353, 0.049424104392529, 0, 0, 0, 0, 1, },
		{ 1, 0, 0, 0, 0, 0.034032087773085, -0.99942076206207, 0, 0, 0.99942076206207, 0.034032087773085, 0, 0, 0, 0, 1, },
		{ 1, 0, 0, 0, 0, 0.021450916305184, -0.99976992607117, 0, 0, 0.99976992607117, 0.021450916305184, 0, 0, 0, 0, 1, },
		{ 1, 0, 0, 0, 0, 0.011686350218952, -0.99993169307709, 0, 0, 0.99993169307709, 0.011686350218952, 0, 0, 0, 0, 1, },
		{ 1, 0, 0, 0, 0, 0.0047330851666629, -0.99998879432678, 0, 0, 0.99998879432678, 0.0047330851666629, 0, 0, 0, 0, 1, },
		{ 1, 0, 0, 0, 0, 0.0005771069554612, -0.99999982118607, 0, 0, 0.99999982118607, 0.0005771069554612, 0, 0, 0, 0, 1, },
		{ 1, 0, 0, 0, 0, -0.00080214405898005, -0.99999970197678, 0, 0, 0.99999970197678, -0.00080214405898005, 0, 0, 0, 0, 1, },
	},
}
end
