function data()
return {
	times = { 0, 41.667, 83.333, 125, 166.667, 208.333, 250, 291.667, 333.333, 375, 416.667, 458.333, 500, 541.667, 583.333, 625, 666.667, 708.333, 750, 791.667, 833.333, 875, 916.667, 958.333, 1000, 1041.667, 1083.333, 1125, 1166.667, 1208.333, 1250, 1291.667, 1333.333, 1375, 1416.667, 1458.333, 1500, 1541.667, 1583.333, 1625, 1666.667, 1708.333, 1750, 1791.667, 1833.333, 1875, 1916.667, 1958.333, 2000, 2041.667, 2083.333, },
	transfs = {
		{ 1, 0, 0, 0, 0, 1, 0, 0, 0, 0, 1, 0, 0, 0, 0, 1, },
		{ 1, 0, -0.00017115873924922, 0, 0, 1, 0, 0, 0.00017115873924922, 0, 1, 0, 0, 0, 0, 1, },
		{ 0.99999976158142, 0, -0.00068676640512422, 0, 0, 1, 0, 0, 0.00068676640512422, 0, 0.99999976158142, 0, 0, 0, 0, 1, },
		{ 0.9999988079071, 0, -0.0015494825784117, 0, 0, 1, 0, 0, 0.0015494825784117, 0, 0.9999988079071, 0, 0, 0, 0, 1, },
		{ 0.99999618530273, 0, -0.0027611607220024, 0, 0, 1, 0, 0, 0.0027611607220024, 0, 0.99999618530273, 0, 0, 0, 0, 1, },
		{ 0.99999064207077, 0, -0.0043227369897068, 0, 0, 1, 0, 0, 0.0043227369897068, 0, 0.99999064207077, 0, 0, 0, 0, 1, },
		{ 0.9999805688858, 0, -0.00623410474509, 0, 0, 1, 0, 0, 0.00623410474509, 0, 0.9999805688858, 0, 0, 0, 0, 1, },
		{ 0.99996393918991, 0, -0.0084939822554588, 0, 0, 1, 0, 0, 0.0084939822554588, 0, 0.99996393918991, 0, 0, 0, 0, 1, },
		{ 0.9999383687973, 0, -0.011099794879556, 0, 0, 1, 0, 0, 0.011099794879556, 0, 0.9999383687973, 0, 0, 0, 0, 1, },
		{ 0.9999013543129, 0, -0.014047517441213, 0, 0, 1, 0, 0, 0.014047517441213, 0, 0.9999013543129, 0, 0, 0, 0, 1, },
		{ 0.99984979629517, 0, -0.017331566661596, 0, 0, 1, 0, 0, 0.017331566661596, 0, 0.99984979629517, 0, 0, 0, 0, 1, },
		{ 0.99978065490723, 0, -0.020944660529494, 0, 0, 1, 0, 0, 0.020944660529494, 0, 0.99978065490723, 0, 0, 0, 0, 1, },
		{ 0.99969047307968, 0, -0.024877682328224, 0, 0, 1, 0, 0, 0.024877682328224, 0, 0.99969047307968, 0, 0, 0, 0, 1, },
		{ 0.99957591295242, 0, -0.029119610786438, 0, 0, 1, 0, 0, 0.029119610786438, 0, 0.99957591295242, 0, 0, 0, 0, 1, },
		{ 0.99943345785141, 0, -0.033657409250736, 0, 0, 1, 0, 0, 0.033657409250736, 0, 0.99943345785141, 0, 0, 0, 0, 1, },
		{ 0.99925953149796, 0, -0.038475956767797, 0, 0, 1, 0, 0, 0.038475956767797, 0, 0.99925953149796, 0, 0, 0, 0, 1, },
		{ 0.99905091524124, 0, -0.04355801269412, 0, 0, 1, 0, 0, 0.04355801269412, 0, 0.99905091524124, 0, 0, 0, 0, 1, },
		{ 0.9988044500351, 0, -0.048884272575378, 0, 0, 1, 0, 0, 0.048884272575378, 0, 0.9988044500351, 0, 0, 0, 0, 1, },
		{ 0.99851739406586, 0, -0.054433334618807, 0, 0, 1, 0, 0, 0.054433334618807, 0, 0.99851739406586, 0, 0, 0, 0, 1, },
		{ 0.99818742275238, 0, -0.060181759297848, 0, 0, 1, 0, 0, 0.060181759297848, 0, 0.99818742275238, 0, 0, 0, 0, 1, },
		{ 0.99781268835068, 0, -0.066104352474213, 0, 0, 1, 0, 0, 0.066104352474213, 0, 0.99781268835068, 0, 0, 0, 0, 1, },
		{ 0.9973920583725, 0, -0.072174116969109, 0, 0, 1, 0, 0, 0.072174116969109, 0, 0.9973920583725, 0, 0, 0, 0, 1, },
		{ 0.99692493677139, 0, -0.078362703323364, 0, 0, 1, 0, 0, 0.078362703323364, 0, 0.99692493677139, 0, 0, 0, 0, 1, },
		{ 0.99641156196594, 0, -0.084640435874462, 0, 0, 1, 0, 0, 0.084640435874462, 0, 0.99641156196594, 0, 0, 0, 0, 1, },
		{ 0.99585300683975, 0, -0.090976782143116, 0, 0, 1, 0, 0, 0.090976782143116, 0, 0.99585300683975, 0, 0, 0, 0, 1, },
		{ 0.99525111913681, 0, -0.097340561449528, 0, 0, 1, 0, 0, 0.097340561449528, 0, 0.99525111913681, 0, 0, 0, 0, 1, },
		{ 0.99460858106613, 0, -0.10370037704706, 0, 0, 1, 0, 0, 0.10370037704706, 0, 0.99460858106613, 0, 0, 0, 0, 1, },
		{ 0.99392884969711, 0, -0.11002487689257, 0, 0, 1, 0, 0, 0.11002487689257, 0, 0.99392884969711, 0, 0, 0, 0, 1, },
		{ 0.99321609735489, 0, -0.11628309637308, 0, 0, 1, 0, 0, 0.11628309637308, 0, 0.99321609735489, 0, 0, 0, 0, 1, },
		{ 0.99247533082962, 0, -0.12244494259357, 0, 0, 1, 0, 0, 0.12244494259357, 0, 0.99247533082962, 0, 0, 0, 0, 1, },
		{ 0.99171197414398, 0, -0.12848116457462, 0, 0, 1, 0, 0, 0.12848116457462, 0, 0.99171197414398, 0, 0, 0, 0, 1, },
		{ 0.9909320473671, 0, -0.13436411321163, 0, 0, 1, 0, 0, 0.13436411321163, 0, 0.9909320473671, 0, 0, 0, 0, 1, },
		{ 0.99014192819595, 0, -0.14006757736206, 0, 0, 1, 0, 0, 0.14006757736206, 0, 0.99014192819595, 0, 0, 0, 0, 1, },
		{ 0.98934841156006, 0, -0.14556705951691, 0, 0, 1, 0, 0, 0.14556705951691, 0, 0.98934841156006, 0, 0, 0, 0, 1, },
		{ 0.98855817317963, 0, -0.15084010362625, 0, 0, 1, 0, 0, 0.15084010362625, 0, 0.98855817317963, 0, 0, 0, 0, 1, },
		{ 0.9877781867981, 0, -0.15586629509926, 0, 0, 1, 0, 0, 0.15586629509926, 0, 0.9877781867981, 0, 0, 0, 0, 1, },
		{ 0.98701512813568, 0, -0.16062726080418, 0, 0, 1, 0, 0, 0.16062726080418, 0, 0.98701512813568, 0, 0, 0, 0, 1, },
		{ 0.98627573251724, 0, -0.16510665416718, 0, 0, 1, 0, 0, 0.16510665416718, 0, 0.98627573251724, 0, 0, 0, 0, 1, },
		{ 0.98556619882584, 0, -0.16929043829441, 0, 0, 1, 0, 0, 0.16929043829441, 0, 0.98556619882584, 0, 0, 0, 0, 1, },
		{ 0.98489260673523, 0, -0.17316637933254, 0, 0, 1, 0, 0, 0.17316637933254, 0, 0.98489260673523, 0, 0, 0, 0, 1, },
		{ 0.9842603802681, 0, -0.17672438919544, 0, 0, 1, 0, 0, 0.17672438919544, 0, 0.9842603802681, 0, 0, 0, 0, 1, },
		{ 0.98367464542389, 0, -0.17995616793633, 0, 0, 1, 0, 0, 0.17995616793633, 0, 0.98367464542389, 0, 0, 0, 0, 1, },
		{ 0.98313987255096, 0, -0.18285521864891, 0, 0, 1, 0, 0, 0.18285521864891, 0, 0.98313987255096, 0, 0, 0, 0, 1, },
		{ 0.98265999555588, 0, -0.18541657924652, 0, 0, 1, 0, 0, 0.18541657924652, 0, 0.98265999555588, 0, 0, 0, 0, 1, },
		{ 0.98223847150803, 0, -0.18763686716557, 0, 0, 1, 0, 0, 0.18763686716557, 0, 0.98223847150803, 0, 0, 0, 0, 1, },
		{ 0.98187804222107, 0, -0.18951396644115, 0, 0, 1, 0, 0, 0.18951396644115, 0, 0.98187804222107, 0, 0, 0, 0, 1, },
		{ 0.98158085346222, 0, -0.19104704260826, 0, 0, 1, 0, 0, 0.19104704260826, 0, 0.98158085346222, 0, 0, 0, 0, 1, },
		{ 0.98134869337082, 0, -0.19223622977734, 0, 0, 1, 0, 0, 0.19223622977734, 0, 0.98134869337082, 0, 0, 0, 0, 1, },
		{ 0.98118245601654, 0, -0.19308279454708, 0, 0, 1, 0, 0, 0.19308279454708, 0, 0.98118245601654, 0, 0, 0, 0, 1, },
		{ 0.98108279705048, 0, -0.19358870387077, 0, 0, 1, 0, 0, 0.19358870387077, 0, 0.98108279705048, 0, 0, 0, 0, 1, },
		{ 0.98104965686798, 0, -0.19375659525394, 0, 0, 1, 0, 0, 0.19375659525394, 0, 0.98104965686798, 0, 0, 0, 0, 1, },
	},
}
end
