function data()
return {
	times = { 0, 41.667, 83.333, 125, 166.667, 208.333, 250, 291.667, 333.333, 375, 416.667, 458.333, 500, 541.667, 583.333, 625, 666.667, 708.333, 750, 791.667, 833.333, 875, 916.667, 958.333, 1000, 1041.667, 1083.333, 1125, 1166.667, 1208.333, 1250, 1291.667, 1333.333, 1375, 1416.667, 1458.333, 1500, 1541.667, 1583.333, 1625, 1666.667, 1708.333, 1750, 1791.667, 1833.333, 1875, 1916.667, 1958.333, 2000, 2041.667, 2083.333, },
	transfs = {
		{ 1, 0, 0, 0, 0, 1, 0, 0, 0, 0, 1, 0, 0, 0, 0, 1, },
		{ 1, 0, 0, 0, 0, 0.99999904632568, -0.0013788171345368, 0, 0, 0.0013788171345368, 0.99999904632568, 0, 0, 0, 0, 1, },
		{ 1, 0, 0, 0, 0, 0.99998468160629, -0.0055324141867459, 0, 0, 0.0055324141867459, 0.99998468160629, 0, 0, 0, 0, 1, },
		{ 1, 0, 0, 0, 0, 0.99992209672928, -0.012481977231801, 0, 0, 0.012481977231801, 0.99992209672928, 0, 0, 0, 0, 1, },
		{ 1, 0, 0, 0, 0, 0.99975264072418, -0.02224150672555, 0, 0, 0.02224150672555, 0.99975264072418, 0, 0, 0, 0, 1, },
		{ 1, 0, 0, 0, 0, 0.99939376115799, -0.034816104918718, 0, 0, 0.034816104918718, 0.99939376115799, 0, 0, 0, 0, 1, },
		{ 1, 0, 0, 0, 0, 0.99873918294907, -0.050199810415506, 0, 0, 0.050199810415506, 0.99873918294907, 0, 0, 0, 0, 1, },
		{ 1, 0, 0, 0, 0, 0.99765980243683, -0.068373143672943, 0, 0, 0.068373143672943, 0.99765980243683, 0, 0, 0, 0, 1, },
		{ 1, 0, 0, 0, 0, 0.99600476026535, -0.089300252497196, 0, 0, 0.089300252497196, 0.99600476026535, 0, 0, 0, 0, 1, },
		{ 1, 0, 0, 0, 0, 0.99360340833664, -0.11292609572411, 0, 0, 0.11292609572411, 0.99360340833664, 0, 0, 0, 0, 1, },
		{ 1, 0, 0, 0, 0, 0.9902680516243, -0.13917312026024, 0, 0, 0.13917312026024, 0.9902680516243, 0, 0, 0, 0, 1, },
		{ 1, 0, 0, 0, 0, 0.98579746484756, -0.16793839633465, 0, 0, 0.16793839633465, 0.98579746484756, 0, 0, 0, 0, 1, },
		{ 1, 0, 0, 0, 0, 0.97998106479645, -0.19909070432186, 0, 0, 0.19909070432186, 0.97998106479645, 0, 0, 0, 0, 1, },
		{ 1, 0, 0, 0, 0, 0.97260403633118, -0.23246802389622, 0, 0, 0.23246802389622, 0.97260403633118, 0, 0, 0, 0, 1, },
		{ 1, 0, 0, 0, 0, 0.96345329284668, -0.26787629723549, 0, 0, 0.26787629723549, 0.96345329284668, 0, 0, 0, 0, 1, },
		{ 1, 0, 0, 0, 0, 0.95232427120209, -0.30508768558502, 0, 0, 0.30508768558502, 0.95232427120209, 0, 0, 0, 0, 1, },
		{ 1, 0, 0, 0, 0, 0.93902760744095, -0.34384173154831, 0, 0, 0.34384173154831, 0.93902760744095, 0, 0, 0, 0, 1, },
		{ 1, 0, 0, 0, 0, 0.92339694499969, -0.38384637236595, 0, 0, 0.38384637236595, 0.92339694499969, 0, 0, 0, 0, 1, },
		{ 1, 0, 0, 0, 0, 0.9052962064743, -0.42478090524673, 0, 0, 0.42478090524673, 0.9052962064743, 0, 0, 0, 0, 1, },
		{ 1, 0, 0, 0, 0, 0.88462632894516, -0.46630063652992, 0, 0, 0.46630063652992, 0.88462632894516, 0, 0, 0, 0, 1, },
		{ 1, 0, 0, 0, 0, 0.86133188009262, -0.50804275274277, 0, 0, 0.50804275274277, 0.86133188009262, 0, 0, 0, 0, 1, },
		{ 1, 0, 0, 0, 0, 0.83540612459183, -0.54963314533234, 0, 0, 0.54963314533234, 0.83540612459183, 0, 0, 0, 0, 1, },
		{ 1, 0, 0, 0, 0, 0.80689430236816, -0.59069579839706, 0, 0, 0.59069579839706, 0.80689430236816, 0, 0, 0, 0, 1, },
		{ 1, 0, 0, 0, 0, 0.77589631080627, -0.63086050748825, 0, 0, 0.63086050748825, 0.77589631080627, 0, 0, 0, 0, 1, },
		{ 1, 0, 0, 0, 0, 0.74256533384323, -0.66977363824844, 0, 0, 0.66977363824844, 0.74256533384323, 0, 0, 0, 0, 1, },
		{ 1, 0, 0, 0, 0, 0.70710676908493, -0.70710676908493, 0, 0, 0.70710676908493, 0.70710676908493, 0, 0, 0, 0, 1, },
		{ 1, 0, 0, 0, 0, 0.66977363824844, -0.74256533384323, 0, 0, 0.74256533384323, 0.66977363824844, 0, 0, 0, 0, 1, },
		{ 1, 0, 0, 0, 0, 0.63086044788361, -0.77589631080627, 0, 0, 0.77589631080627, 0.63086044788361, 0, 0, 0, 0, 1, },
		{ 1, 0, 0, 0, 0, 0.59069561958313, -0.8068944811821, 0, 0, 0.8068944811821, 0.59069561958313, 0, 0, 0, 0, 1, },
		{ 1, 0, 0, 0, 0, 0.54963302612305, -0.83540618419647, 0, 0, 0.83540618419647, 0.54963302612305, 0, 0, 0, 0, 1, },
		{ 1, 0, 0, 0, 0, 0.50804251432419, -0.86133199930191, 0, 0, 0.86133199930191, 0.50804251432419, 0, 0, 0, 0, 1, },
		{ 1, 0, 0, 0, 0, 0.46630051732063, -0.8846263885498, 0, 0, 0.8846263885498, 0.46630051732063, 0, 0, 0, 0, 1, },
		{ 1, 0, 0, 0, 0, 0.42478087544441, -0.9052962064743, 0, 0, 0.9052962064743, 0.42478087544441, 0, 0, 0, 0, 1, },
		{ 1, 0, 0, 0, 0, 0.38384631276131, -0.92339700460434, 0, 0, 0.92339700460434, 0.38384631276131, 0, 0, 0, 0, 1, },
		{ 1, 0, 0, 0, 0, 0.34384173154831, -0.93902760744095, 0, 0, 0.93902760744095, 0.34384173154831, 0, 0, 0, 0, 1, },
		{ 1, 0, 0, 0, 0, 0.30508750677109, -0.95232433080673, 0, 0, 0.95232433080673, 0.30508750677109, 0, 0, 0, 0, 1, },
		{ 1, 0, 0, 0, 0, 0.26787602901459, -0.96345341205597, 0, 0, 0.96345341205597, 0.26787602901459, 0, 0, 0, 0, 1, },
		{ 1, 0, 0, 0, 0, 0.2324680685997, -0.97260403633118, 0, 0, 0.97260403633118, 0.2324680685997, 0, 0, 0, 0, 1, },
		{ 1, 0, 0, 0, 0, 0.19909064471722, -0.97998106479645, 0, 0, 0.97998106479645, 0.19909064471722, 0, 0, 0, 0, 1, },
		{ 1, 0, 0, 0, 0, 0.16793842613697, -0.98579746484756, 0, 0, 0.98579746484756, 0.16793842613697, 0, 0, 0, 0, 1, },
		{ 1, 0, 0, 0, 0, 0.13917310535908, -0.9902680516243, 0, 0, 0.9902680516243, 0.13917310535908, 0, 0, 0, 0, 1, },
		{ 1, 0, 0, 0, 0, 0.11292590200901, -0.99360340833664, 0, 0, 0.99360340833664, 0.11292590200901, 0, 0, 0, 0, 1, },
		{ 1, 0, 0, 0, 0, 0.089300110936165, -0.99600476026535, 0, 0, 0.99600476026535, 0.089300110936165, 0, 0, 0, 0, 1, },
		{ 1, 0, 0, 0, 0, 0.068373076617718, -0.99765980243683, 0, 0, 0.99765980243683, 0.068373076617718, 0, 0, 0, 0, 1, },
		{ 1, 0, 0, 0, 0, 0.0501998513937, -0.99873918294907, 0, 0, 0.99873918294907, 0.0501998513937, 0, 0, 0, 0, 1, },
		{ 1, 0, 0, 0, 0, 0.034816190600395, -0.99939376115799, 0, 0, 0.99939376115799, 0.034816190600395, 0, 0, 0, 0, 1, },
		{ 1, 0, 0, 0, 0, 0.022241685539484, -0.99975264072418, 0, 0, 0.99975264072418, 0.022241685539484, 0, 0, 0, 0, 1, },
		{ 1, 0, 0, 0, 0, 0.012482178397477, -0.99992209672928, 0, 0, 0.99992209672928, 0.012482178397477, 0, 0, 0, 0, 1, },
		{ 1, 0, 0, 0, 0, 0.0055324225686491, -0.99998468160629, 0, 0, 0.99998468160629, 0.0055324225686491, 0, 0, 0, 0, 1, },
		{ 1, 0, 0, 0, 0, 0.0013787180650979, -0.99999904632568, 0, 0, 0.99999904632568, 0.0013787180650979, 0, 0, 0, 0, 1, },
		{ 1, 0, 0, 0, 0, 6.1232342629258e-17, -1, 0, 0, 1, 6.1232342629258e-17, 0, 0, 0, 0, 1, },
	},
}
end
