function data()
return {
	times = { 0, 41.667, 83.333, 125, 166.667, 208.333, 250, 291.667, 333.333, 375, 416.667, 458.333, 500, 541.667, 583.333, 625, 666.667, 708.333, 750, 791.667, 833.333, 875, 916.667, 958.333, 1000, 1041.667, 1083.333, 1125, 1166.667, 1208.333, 1250, 1291.667, 1333.333, 1375, 1416.667, 1458.333, 1500, 1541.667, 1583.333, 1625, 1666.667, 1708.333, 1750, 1791.667, 1833.333, 1875, 1916.667, 1958.333, 2000, 2041.667, 2083.333, },
	transfs = {
		{ 1, 0, 0, 0, 0, 1, 0, 0, 0, 0, 1, 0, 0, 0, 0, 1, },
		{ 1, 0, -0.00016742268053349, 0, 0, 1, 0, 0, 0.00016742268053349, 0, 1, 0, 0, 0, 0, 1, },
		{ 0.99999976158142, 0, -0.00067177572054788, 0, 0, 1, 0, 0, 0.00067177572054788, 0, 0.99999976158142, 0, 0, 0, 0, 1, },
		{ 0.99999886751175, 0, -0.0015156604349613, 0, 0, 1, 0, 0, 0.0015156604349613, 0, 0.99999886751175, 0, 0, 0, 0, 1, },
		{ 0.99999636411667, 0, -0.0027008906472474, 0, 0, 1, 0, 0, 0.0027008906472474, 0, 0.99999636411667, 0, 0, 0, 0, 1, },
		{ 0.99999105930328, 0, -0.004228382371366, 0, 0, 1, 0, 0, 0.004228382371366, 0, 0.99999105930328, 0, 0, 0, 0, 1, },
		{ 0.99998140335083, 0, -0.0060980282723904, 0, 0, 1, 0, 0, 0.0060980282723904, 0, 0.99998140335083, 0, 0, 0, 0, 1, },
		{ 0.99996548891068, 0, -0.008308582007885, 0, 0, 1, 0, 0, 0.008308582007885, 0, 0.99996548891068, 0, 0, 0, 0, 1, },
		{ 0.99994105100632, 0, -0.010857516899705, 0, 0, 1, 0, 0, 0.010857516899705, 0, 0.99994105100632, 0, 0, 0, 0, 1, },
		{ 0.99990558624268, 0, -0.013740908354521, 0, 0, 1, 0, 0, 0.013740908354521, 0, 0.99990558624268, 0, 0, 0, 0, 1, },
		{ 0.99985629320145, 0, -0.01695329323411, 0, 0, 1, 0, 0, 0.01695329323411, 0, 0.99985629320145, 0, 0, 0, 0, 1, },
		{ 0.99979013204575, 0, -0.020487545058131, 0, 0, 1, 0, 0, 0.020487545058131, 0, 0.99979013204575, 0, 0, 0, 0, 1, },
		{ 0.99970388412476, 0, -0.024334762245417, 0, 0, 1, 0, 0, 0.024334762245417, 0, 0.99970388412476, 0, 0, 0, 0, 1, },
		{ 0.99959427118301, 0, -0.028484161943197, 0, 0, 1, 0, 0, 0.028484161943197, 0, 0.99959427118301, 0, 0, 0, 0, 1, },
		{ 0.99945789575577, 0, -0.032923012971878, 0, 0, 1, 0, 0, 0.032923012971878, 0, 0.99945789575577, 0, 0, 0, 0, 1, },
		{ 0.99929147958755, 0, -0.037636507302523, 0, 0, 1, 0, 0, 0.037636507302523, 0, 0.99929147958755, 0, 0, 0, 0, 1, },
		{ 0.9990918636322, 0, -0.042607821524143, 0, 0, 1, 0, 0, 0.042607821524143, 0, 0.9990918636322, 0, 0, 0, 0, 1, },
		{ 0.99885606765747, 0, -0.047818049788475, 0, 0, 1, 0, 0, 0.047818049788475, 0, 0.99885606765747, 0, 0, 0, 0, 1, },
		{ 0.99858140945435, 0, -0.053246289491653, 0, 0, 1, 0, 0, 0.053246289491653, 0, 0.99858140945435, 0, 0, 0, 0, 1, },
		{ 0.99826568365097, 0, -0.058869648724794, 0, 0, 1, 0, 0, 0.058869648724794, 0, 0.99826568365097, 0, 0, 0, 0, 1, },
		{ 0.997907102108, 0, -0.064663462340832, 0, 0, 1, 0, 0, 0.064663462340832, 0, 0.997907102108, 0, 0, 0, 0, 1, },
		{ 0.99750459194183, 0, -0.070601381361485, 0, 0, 1, 0, 0, 0.070601381361485, 0, 0.99750459194183, 0, 0, 0, 0, 1, },
		{ 0.99705761671066, 0, -0.076655603945255, 0, 0, 1, 0, 0, 0.076655603945255, 0, 0.99705761671066, 0, 0, 0, 0, 1, },
		{ 0.99656641483307, 0, -0.082797221839428, 0, 0, 1, 0, 0, 0.082797221839428, 0, 0.99656641483307, 0, 0, 0, 0, 1, },
		{ 0.99603193998337, 0, -0.088996261358261, 0, 0, 1, 0, 0, 0.088996261358261, 0, 0.99603193998337, 0, 0, 0, 0, 1, },
		{ 0.99545603990555, 0, -0.0952223315835, 0, 0, 1, 0, 0, 0.0952223315835, 0, 0.99545603990555, 0, 0, 0, 0, 1, },
		{ 0.99484115839005, 0, -0.1014446914196, 0, 0, 1, 0, 0, 0.1014446914196, 0, 0.99484115839005, 0, 0, 0, 0, 1, },
		{ 0.99419075250626, 0, -0.10763270407915, 0, 0, 1, 0, 0, 0.10763270407915, 0, 0.99419075250626, 0, 0, 0, 0, 1, },
		{ 0.99350869655609, 0, -0.11375604569912, 0, 0, 1, 0, 0, 0.11375604569912, 0, 0.99350869655609, 0, 0, 0, 0, 1, },
		{ 0.99279981851578, 0, -0.11978521198034, 0, 0, 1, 0, 0, 0.11978521198034, 0, 0.99279981851578, 0, 0, 0, 0, 1, },
		{ 0.99206936359406, 0, -0.12569172680378, 0, 0, 1, 0, 0, 0.12569172680378, 0, 0.99206936359406, 0, 0, 0, 0, 1, },
		{ 0.99132299423218, 0, -0.1314484924078, 0, 0, 1, 0, 0, 0.1314484924078, 0, 0.99132299423218, 0, 0, 0, 0, 1, },
		{ 0.99056696891785, 0, -0.13702967762947, 0, 0, 1, 0, 0, 0.13702967762947, 0, 0.99056696891785, 0, 0, 0, 0, 1, },
		{ 0.98980754613876, 0, -0.14241157472134, 0, 0, 1, 0, 0, 0.14241157472134, 0, 0.98980754613876, 0, 0, 0, 0, 1, },
		{ 0.9890513420105, 0, -0.14757198095322, 0, 0, 1, 0, 0, 0.14757198095322, 0, 0.9890513420105, 0, 0, 0, 0, 1, },
		{ 0.98830485343933, 0, -0.15249100327492, 0, 0, 1, 0, 0, 0.15249100327492, 0, 0.98830485343933, 0, 0, 0, 0, 1, },
		{ 0.98757463693619, 0, -0.15715059638023, 0, 0, 1, 0, 0, 0.15715059638023, 0, 0.98757463693619, 0, 0, 0, 0, 1, },
		{ 0.98686701059341, 0, -0.16153481602669, 0, 0, 1, 0, 0, 0.16153481602669, 0, 0.98686701059341, 0, 0, 0, 0, 1, },
		{ 0.98618799448013, 0, -0.16562969982624, 0, 0, 1, 0, 0, 0.16562969982624, 0, 0.98618799448013, 0, 0, 0, 0, 1, },
		{ 0.98554331064224, 0, -0.16942353546619, 0, 0, 1, 0, 0, 0.16942353546619, 0, 0.98554331064224, 0, 0, 0, 0, 1, },
		{ 0.98493826389313, 0, -0.17290623486042, 0, 0, 1, 0, 0, 0.17290623486042, 0, 0.98493826389313, 0, 0, 0, 0, 1, },
		{ 0.98437768220901, 0, -0.17606967687607, 0, 0, 1, 0, 0, 0.17606967687607, 0, 0.98437768220901, 0, 0, 0, 0, 1, },
		{ 0.98386591672897, 0, -0.17890751361847, 0, 0, 1, 0, 0, 0.17890751361847, 0, 0.98386591672897, 0, 0, 0, 0, 1, },
		{ 0.98340666294098, 0, -0.18141487240791, 0, 0, 1, 0, 0, 0.18141487240791, 0, 0.98340666294098, 0, 0, 0, 0, 1, },
		{ 0.98300319910049, 0, -0.18358835577965, 0, 0, 1, 0, 0, 0.18358835577965, 0, 0.98300319910049, 0, 0, 0, 0, 1, },
		{ 0.98265826702118, 0, -0.18542590737343, 0, 0, 1, 0, 0, 0.18542590737343, 0, 0.98265826702118, 0, 0, 0, 0, 1, },
		{ 0.98237383365631, 0, -0.18692672252655, 0, 0, 1, 0, 0, 0.18692672252655, 0, 0.98237383365631, 0, 0, 0, 0, 1, },
		{ 0.98215162754059, 0, -0.18809090554714, 0, 0, 1, 0, 0, 0.18809090554714, 0, 0.98215162754059, 0, 0, 0, 0, 1, },
		{ 0.98199254274368, 0, -0.1889196485281, 0, 0, 1, 0, 0, 0.1889196485281, 0, 0.98199254274368, 0, 0, 0, 0, 1, },
		{ 0.9818971157074, 0, -0.18941496312618, 0, 0, 1, 0, 0, 0.18941496312618, 0, 0.9818971157074, 0, 0, 0, 0, 1, },
		{ 0.98186540603638, 0, -0.18957929313183, 0, 0, 1, 0, 0, 0.18957929313183, 0, 0.98186540603638, 0, 0, 0, 0, 1, },
	},
}
end
