function data()
return {
	times = { 0, 41.667, 83.333, 125, 166.667, 208.333, 250, 291.667, 333.333, 375, 416.667, 458.333, 500, 541.667, 583.333, 625, 666.667, 708.333, 750, 791.667, 833.333, 875, 916.667, 958.333, 1000, 1041.667, 1083.333, 1125, 1166.667, 1208.333, 1250, 1291.667, 1333.333, 1375, 1416.667, 1458.333, 1500, 1541.667, 1583.333, 1625, 1666.667, 1708.333, 1750, 1791.667, 1833.333, 1875, 1916.667, 1958.333, 2000, 2041.667, 2083.333, },
	transfs = {
		{ 1, 0, 0, 0, 0, 1, 0, 0, 0, 0, 1, 0, 0, 0, 0, 1, },
		{ 1, 0, 0.00018545605416875, 0, 0, 1, 0, 0, -0.00018545605416875, 0, 1, 0, 0, 0, 0, 1, },
		{ 0.99999970197678, 0, 0.0007441338384524, 0, 0, 1, 0, 0, -0.0007441338384524, 0, 0.99999970197678, 0, 0, 0, 0, 1, },
		{ 0.99999856948853, 0, 0.0016789145302027, 0, 0, 1, 0, 0, -0.0016789145302027, 0, 0.99999856948853, 0, 0, 0, 0, 1, },
		{ 0.99999552965164, 0, 0.0029918067157269, 0, 0, 1, 0, 0, -0.0029918067157269, 0, 0.99999552965164, 0, 0, 0, 0, 1, },
		{ 0.99998903274536, 0, 0.0046838237904012, 0, 0, 1, 0, 0, -0.0046838237904012, 0, 0.99998903274536, 0, 0, 0, 0, 1, },
		{ 0.99997717142105, 0, 0.0067548477090895, 0, 0, 1, 0, 0, -0.0067548477090895, 0, 0.99997717142105, 0, 0, 0, 0, 1, },
		{ 0.99995762109756, 0, 0.0092034889385104, 0, 0, 1, 0, 0, -0.0092034889385104, 0, 0.99995762109756, 0, 0, 0, 0, 1, },
		{ 0.99992769956589, 0, 0.012026945129037, 0, 0, 1, 0, 0, -0.012026945129037, 0, 0.99992769956589, 0, 0, 0, 0, 1, },
		{ 0.99988412857056, 0, 0.015220859088004, 0, 0, 1, 0, 0, -0.015220859088004, 0, 0.99988412857056, 0, 0, 0, 0, 1, },
		{ 0.99982362985611, 0, 0.018779154866934, 0, 0, 1, 0, 0, -0.018779154866934, 0, 0.99982362985611, 0, 0, 0, 0, 1, },
		{ 0.99974244832993, 0, 0.022693932056427, 0, 0, 1, 0, 0, -0.022693932056427, 0, 0.99974244832993, 0, 0, 0, 0, 1, },
		{ 0.99963665008545, 0, 0.026955293491483, 0, 0, 1, 0, 0, -0.026955293491483, 0, 0.99963665008545, 0, 0, 0, 0, 1, },
		{ 0.99950212240219, 0, 0.031551267951727, 0, 0, 1, 0, 0, -0.031551267951727, 0, 0.99950212240219, 0, 0, 0, 0, 1, },
		{ 0.99933481216431, 0, 0.036467704921961, 0, 0, 1, 0, 0, -0.036467704921961, 0, 0.99933481216431, 0, 0, 0, 0, 1, },
		{ 0.99913066625595, 0, 0.041688159108162, 0, 0, 1, 0, 0, -0.041688159108162, 0, 0.99913066625595, 0, 0, 0, 0, 1, },
		{ 0.99888575077057, 0, 0.047193929553032, 0, 0, 1, 0, 0, -0.047193929553032, 0, 0.99888575077057, 0, 0, 0, 0, 1, },
		{ 0.99859642982483, 0, 0.052964027971029, 0, 0, 1, 0, 0, -0.052964027971029, 0, 0.99859642982483, 0, 0, 0, 0, 1, },
		{ 0.99825942516327, 0, 0.058975201100111, 0, 0, 1, 0, 0, -0.058975201100111, 0, 0.99825942516327, 0, 0, 0, 0, 1, },
		{ 0.99787205457687, 0, 0.06520202755928, 0, 0, 1, 0, 0, -0.06520202755928, 0, 0.99787205457687, 0, 0, 0, 0, 1, },
		{ 0.99743217229843, 0, 0.071617111563683, 0, 0, 1, 0, 0, -0.071617111563683, 0, 0.99743217229843, 0, 0, 0, 0, 1, },
		{ 0.99693840742111, 0, 0.078191168606281, 0, 0, 1, 0, 0, -0.078191168606281, 0, 0.99693840742111, 0, 0, 0, 0, 1, },
		{ 0.99639004468918, 0, 0.084893368184566, 0, 0, 1, 0, 0, -0.084893368184566, 0, 0.99639004468918, 0, 0, 0, 0, 1, },
		{ 0.9957874417305, 0, 0.091691561043262, 0, 0, 1, 0, 0, -0.091691561043262, 0, 0.9957874417305, 0, 0, 0, 0, 1, },
		{ 0.99513185024261, 0, 0.09855255484581, 0, 0, 1, 0, 0, -0.09855255484581, 0, 0.99513185024261, 0, 0, 0, 0, 1, },
		{ 0.99442541599274, 0, 0.10544256865978, 0, 0, 1, 0, 0, -0.10544256865978, 0, 0.99442541599274, 0, 0, 0, 0, 1, },
		{ 0.99367123842239, 0, 0.11232753098011, 0, 0, 1, 0, 0, -0.11232753098011, 0, 0.99367123842239, 0, 0, 0, 0, 1, },
		{ 0.99287343025208, 0, 0.11917349696159, 0, 0, 1, 0, 0, -0.11917349696159, 0, 0.99287343025208, 0, 0, 0, 0, 1, },
		{ 0.99203699827194, 0, 0.1259468793869, 0, 0, 1, 0, 0, -0.1259468793869, 0, 0.99203699827194, 0, 0, 0, 0, 1, },
		{ 0.99116760492325, 0, 0.1326150149107, 0, 0, 1, 0, 0, -0.1326150149107, 0, 0.99116760492325, 0, 0, 0, 0, 1, },
		{ 0.99027180671692, 0, 0.13914649188519, 0, 0, 1, 0, 0, -0.13914649188519, 0, 0.99027180671692, 0, 0, 0, 0, 1, },
		{ 0.98935663700104, 0, 0.14551110565662, 0, 0, 1, 0, 0, -0.14551110565662, 0, 0.98935663700104, 0, 0, 0, 0, 1, },
		{ 0.9884295463562, 0, 0.151680752635, 0, 0, 1, 0, 0, -0.151680752635, 0, 0.9884295463562, 0, 0, 0, 0, 1, },
		{ 0.98749840259552, 0, 0.15762895345688, 0, 0, 1, 0, 0, -0.15762895345688, 0, 0.98749840259552, 0, 0, 0, 0, 1, },
		{ 0.98657125234604, 0, 0.16333137452602, 0, 0, 1, 0, 0, -0.16333137452602, 0, 0.98657125234604, 0, 0, 0, 0, 1, },
		{ 0.9856561422348, 0, 0.16876608133316, 0, 0, 1, 0, 0, -0.16876608133316, 0, 0.9856561422348, 0, 0, 0, 0, 1, },
		{ 0.98476099967957, 0, 0.17391324043274, 0, 0, 1, 0, 0, -0.17391324043274, 0, 0.98476099967957, 0, 0, 0, 0, 1, },
		{ 0.9838935136795, 0, 0.17875546216965, 0, 0, 1, 0, 0, -0.17875546216965, 0, 0.9838935136795, 0, 0, 0, 0, 1, },
		{ 0.98306125402451, 0, 0.18327742815018, 0, 0, 1, 0, 0, -0.18327742815018, 0, 0.98306125402451, 0, 0, 0, 0, 1, },
		{ 0.98227101564407, 0, 0.1874662488699, 0, 0, 1, 0, 0, -0.1874662488699, 0, 0.98227101564407, 0, 0, 0, 0, 1, },
		{ 0.98152947425842, 0, 0.19131101667881, 0, 0, 1, 0, 0, -0.19131101667881, 0, 0.98152947425842, 0, 0, 0, 0, 1, },
		{ 0.9808424115181, 0, 0.19480288028717, 0, 0, 1, 0, 0, -0.19480288028717, 0, 0.9808424115181, 0, 0, 0, 0, 1, },
		{ 0.98021519184113, 0, 0.1979348808527, 0, 0, 1, 0, 0, -0.1979348808527, 0, 0.98021519184113, 0, 0, 0, 0, 1, },
		{ 0.97965234518051, 0, 0.20070184767246, 0, 0, 1, 0, 0, -0.20070184767246, 0, 0.97965234518051, 0, 0, 0, 0, 1, },
		{ 0.97915798425674, 0, 0.20310015976429, 0, 0, 1, 0, 0, -0.20310015976429, 0, 0.97915798425674, 0, 0, 0, 0, 1, },
		{ 0.978735268116, 0, 0.205127581954, 0, 0, 1, 0, 0, -0.205127581954, 0, 0.978735268116, 0, 0, 0, 0, 1, },
		{ 0.978386759758, 0, 0.20678335428238, 0, 0, 1, 0, 0, -0.20678335428238, 0, 0.978386759758, 0, 0, 0, 0, 1, },
		{ 0.97811442613602, 0, 0.20806775987148, 0, 0, 1, 0, 0, -0.20806775987148, 0, 0.97811442613602, 0, 0, 0, 0, 1, },
		{ 0.9779195189476, 0, 0.20898193120956, 0, 0, 1, 0, 0, -0.20898193120956, 0, 0.9779195189476, 0, 0, 0, 0, 1, },
		{ 0.97780257463455, 0, 0.20952820777893, 0, 0, 1, 0, 0, -0.20952820777893, 0, 0.97780257463455, 0, 0, 0, 0, 1, },
		{ 0.97776371240616, 0, 0.20970959961414, 0, 0, 1, 0, 0, -0.20970959961414, 0, 0.97776371240616, 0, 0, 0, 0, 1, },
	},
}
end
