function data()
return {
	times = { 0, 41.667, 83.333, 125, 166.667, 208.333, 250, 291.667, 333.333, 375, 416.667, 458.333, 500, 541.667, 583.333, 625, 666.667, 708.333, 750, 791.667, 833.333, 875, 916.667, 958.333, 1000, 1041.667, 1083.333, 1125, 1166.667, 1208.333, 1250, 1291.667, 1333.333, 1375, 1416.667, 1458.333, 1500, 1541.667, 1583.333, 1625, 1666.667, 1708.333, 1750, 1791.667, 1833.333, 1875, 1916.667, 1958.333, 2000, 2041.667, 2083.333, },
	transfs = {
		{ 1, 0, 0, 0, 0, 1, 0, 0, 0, 0, 1, 0, 0, 0, 0, 1, },
		{ 1, 0, 0, 0, 0, 0.99999982118607, -0.00054633448598906, 0, 0, 0.00054633448598906, 0.99999982118607, 0, 0, 0, 0, 1, },
		{ 1, 0, 0, 0, 0, 0.99999761581421, -0.002192139159888, 0, 0, 0.002192139159888, 0.99999761581421, 0, 0, 0, 0, 1, },
		{ 1, 0, 0, 0, 0, 0.99998778104782, -0.0049458909779787, 0, 0, 0.0049458909779787, 0.99998778104782, 0, 0, 0, 0, 1, },
		{ 1, 0, 0, 0, 0, 0.99996113777161, -0.0088134529069066, 0, 0, 0.0088134529069066, 0.99996113777161, 0, 0, 0, 0, 1, },
		{ 1, 0, 0, 0, 0, 0.99990481138229, -0.013797673396766, 0, 0, 0.013797673396766, 0.99990481138229, 0, 0, 0, 0, 1, },
		{ 1, 0, 0, 0, 0, 0.99980199337006, -0.019897919148207, 0, 0, 0.019897919148207, 0.99980199337006, 0, 0, 0, 0, 1, },
		{ 1, 0, 0, 0, 0, 0.99963247776031, -0.027109585702419, 0, 0, 0.027109585702419, 0.99963247776031, 0, 0, 0, 0, 1, },
		{ 1, 0, 0, 0, 0, 0.99937236309052, -0.035423573106527, 0, 0, 0.035423573106527, 0.99937236309052, 0, 0, 0, 0, 1, },
		{ 1, 0, 0, 0, 0, 0.99899482727051, -0.044825773686171, 0, 0, 0.044825773686171, 0.99899482727051, 0, 0, 0, 0, 1, },
		{ 1, 0, 0, 0, 0, 0.99847000837326, -0.05529647693038, 0, 0, 0.05529647693038, 0.99847000837326, 0, 0, 0, 0, 1, },
		{ 1, 0, 0, 0, 0, 0.99776571989059, -0.066809915006161, 0, 0, 0.066809915006161, 0.99776571989059, 0, 0, 0, 0, 1, },
		{ 1, 0, 0, 0, 0, 0.99684810638428, -0.079333670437336, 0, 0, 0.079333670437336, 0.99684810638428, 0, 0, 0, 0, 1, },
		{ 1, 0, 0, 0, 0, 0.99568212032318, -0.092828378081322, 0, 0, 0.092828378081322, 0.99568212032318, 0, 0, 0, 0, 1, },
		{ 1, 0, 0, 0, 0, 0.99423235654831, -0.10724724084139, 0, 0, 0.10724724084139, 0.99423235654831, 0, 0, 0, 0, 1, },
		{ 1, 0, 0, 0, 0, 0.99246406555176, -0.1225358620286, 0, 0, 0.1225358620286, 0.99246406555176, 0, 0, 0, 0, 1, },
		{ 1, 0, 0, 0, 0, 0.9903439283371, -0.13863214850426, 0, 0, 0.13863214850426, 0.9903439283371, 0, 0, 0, 0, 1, },
		{ 1, 0, 0, 0, 0, 0.98784118890762, -0.15546642243862, 0, 0, 0.15546642243862, 0.98784118890762, 0, 0, 0, 0, 1, },
		{ 1, 0, 0, 0, 0, 0.98492860794067, -0.17296150326729, 0, 0, 0.17296150326729, 0.98492860794067, 0, 0, 0, 0, 1, },
		{ 1, 0, 0, 0, 0, 0.98158353567123, -0.19103336334229, 0, 0, 0.19103336334229, 0.98158353567123, 0, 0, 0, 0, 1, },
		{ 1, 0, 0, 0, 0, 0.97778898477554, -0.20959168672562, 0, 0, 0.20959168672562, 0.97778898477554, 0, 0, 0, 0, 1, },
		{ 1, 0, 0, 0, 0, 0.97353434562683, -0.2285407781601, 0, 0, 0.2285407781601, 0.97353434562683, 0, 0, 0, 0, 1, },
		{ 1, 0, 0, 0, 0, 0.96881622076035, -0.24778033792973, 0, 0, 0.24778033792973, 0.96881622076035, 0, 0, 0, 0, 1, },
		{ 1, 0, 0, 0, 0, 0.96363908052444, -0.26720732450485, 0, 0, 0.26720732450485, 0.96363908052444, 0, 0, 0, 0, 1, },
		{ 1, 0, 0, 0, 0, 0.95801550149918, -0.28671649098396, 0, 0, 0.28671649098396, 0.95801550149918, 0, 0, 0, 0, 1, },
		{ 1, 0, 0, 0, 0, 0.95196640491486, -0.30620250105858, 0, 0, 0.30620250105858, 0.95196640491486, 0, 0, 0, 0, 1, },
		{ 1, 0, 0, 0, 0, 0.94552099704742, -0.32556119561195, 0, 0, 0.32556119561195, 0.94552099704742, 0, 0, 0, 0, 1, },
		{ 1, 0, 0, 0, 0, 0.93871635198593, -0.34469053149223, 0, 0, 0.34469053149223, 0.93871635198593, 0, 0, 0, 0, 1, },
		{ 1, 0, 0, 0, 0, 0.93159705400467, -0.36349272727966, 0, 0, 0.36349272727966, 0.93159705400467, 0, 0, 0, 0, 1, },
		{ 1, 0, 0, 0, 0, 0.92421388626099, -0.38187527656555, 0, 0, 0.38187527656555, 0.92421388626099, 0, 0, 0, 0, 1, },
		{ 1, 0, 0, 0, 0, 0.91662359237671, -0.39975136518478, 0, 0, 0.39975136518478, 0.91662359237671, 0, 0, 0, 0, 1, },
		{ 1, 0, 0, 0, 0, 0.90888732671738, -0.41704177856445, 0, 0, 0.41704177856445, 0.90888732671738, 0, 0, 0, 0, 1, },
		{ 1, 0, 0, 0, 0, 0.9010694026947, -0.43367490172386, 0, 0, 0.43367490172386, 0.9010694026947, 0, 0, 0, 0, 1, },
		{ 1, 0, 0, 0, 0, 0.8932363986969, -0.44958731532097, 0, 0, 0.44958731532097, 0.8932363986969, 0, 0, 0, 0, 1, },
		{ 1, 0, 0, 0, 0, 0.88545566797256, -0.46472382545471, 0, 0, 0.46472382545471, 0.88545566797256, 0, 0, 0, 0, 1, },
		{ 1, 0, 0, 0, 0, 0.87779426574707, -0.47903779149055, 0, 0, 0.47903779149055, 0.87779426574707, 0, 0, 0, 0, 1, },
		{ 1, 0, 0, 0, 0, 0.87031787633896, -0.49249044060707, 0, 0, 0.49249044060707, 0.87031787633896, 0, 0, 0, 0, 1, },
		{ 1, 0, 0, 0, 0, 0.86308974027634, -0.50505059957504, 0, 0, 0.50505059957504, 0.86308974027634, 0, 0, 0, 0, 1, },
		{ 1, 0, 0, 0, 0, 0.8561697602272, -0.51669460535049, 0, 0, 0.51669460535049, 0.8561697602272, 0, 0, 0, 0, 1, },
		{ 1, 0, 0, 0, 0, 0.84961408376694, -0.52740490436554, 0, 0, 0.52740490436554, 0.84961408376694, 0, 0, 0, 0, 1, },
		{ 1, 0, 0, 0, 0, 0.84347409009933, -0.5371698141098, 0, 0, 0.5371698141098, 0.84347409009933, 0, 0, 0, 0, 1, },
		{ 1, 0, 0, 0, 0, 0.83779621124268, -0.54598307609558, 0, 0, 0.54598307609558, 0.83779621124268, 0, 0, 0, 0, 1, },
		{ 1, 0, 0, 0, 0, 0.83262157440186, -0.55384230613708, 0, 0, 0.55384230613708, 0.83262157440186, 0, 0, 0, 0, 1, },
		{ 1, 0, 0, 0, 0, 0.82798600196838, -0.5607488155365, 0, 0, 0.5607488155365, 0.82798600196838, 0, 0, 0, 0, 1, },
		{ 1, 0, 0, 0, 0, 0.82391929626465, -0.56670713424683, 0, 0, 0.56670713424683, 0.82391929626465, 0, 0, 0, 0, 1, },
		{ 1, 0, 0, 0, 0, 0.8204465508461, -0.57172322273254, 0, 0, 0.57172322273254, 0.8204465508461, 0, 0, 0, 0, 1, },
		{ 1, 0, 0, 0, 0, 0.8175864815712, -0.57580578327179, 0, 0, 0.57580578327179, 0.8175864815712, 0, 0, 0, 0, 1, },
		{ 1, 0, 0, 0, 0, 0.81535351276398, -0.57896339893341, 0, 0, 0.57896339893341, 0.81535351276398, 0, 0, 0, 0, 1, },
		{ 1, 0, 0, 0, 0, 0.81375604867935, -0.58120661973953, 0, 0, 0.58120661973953, 0.81375604867935, 0, 0, 0, 0, 1, },
		{ 1, 0, 0, 0, 0, 0.81279838085175, -0.58254510164261, 0, 0, 0.58254510164261, 0.81279838085175, 0, 0, 0, 0, 1, },
		{ 1, 0, 0, 0, 0, 0.812480032444, -0.58298897743225, 0, 0, 0.58298897743225, 0.812480032444, 0, 0, 0, 0, 1, },
	},
}
end
