function data()
return {
	times = { 0, 41.667, 83.333, 125, 166.667, 208.333, 250, 291.667, 333.333, 375, 416.667, 458.333, 500, 541.667, 583.333, 625, 666.667, 708.333, 750, 791.667, 833.333, 875, 916.667, 958.333, 1000, 1041.667, 1083.333, 1125, 1166.667, 1208.333, 1250, 1291.667, 1333.333, 1375, 1416.667, 1458.333, 1500, 1541.667, 1583.333, 1625, 1666.667, 1708.333, 1750, 1791.667, 1833.333, 1875, 1916.667, 1958.333, 2000, 2041.667, 2083.333, },
	transfs = {
		{ 1, 0, 0, 0, 0, 1, 0, 0, 0, 0, 1, 0, 0, 0, 0, 1, },
		{ 0.99999952316284, 0, 0.00099945568945259, 0, 0, 1, 0, 0, -0.00099945568945259, 0, 0.99999952316284, 0, 0, 0, 0, 1, },
		{ 0.99999195337296, 0, 0.0040102596394718, 0, 0, 1, 0, 0, -0.0040102596394718, 0, 0.99999195337296, 0, 0, 0, 0, 1, },
		{ 0.99995905160904, 0, 0.0090478509664536, 0, 0, 1, 0, 0, -0.0090478509664536, 0, 0.99995905160904, 0, 0, 0, 0, 1, },
		{ 0.99987000226974, 0, 0.0161227080971, 0, 0, 1, 0, 0, -0.0161227080971, 0, 0.99987000226974, 0, 0, 0, 0, 1, },
		{ 0.99968141317368, 0, 0.025239378213882, 0, 0, 1, 0, 0, -0.025239378213882, 0, 0.99968141317368, 0, 0, 0, 0, 1, },
		{ 0.99933749437332, 0, 0.036395315080881, 0, 0, 1, 0, 0, -0.036395315080881, 0, 0.99933749437332, 0, 0, 0, 0, 1, },
		{ 0.99877017736435, 0, 0.049579609185457, 0, 0, 1, 0, 0, -0.049579609185457, 0, 0.99877017736435, 0, 0, 0, 0, 1, },
		{ 0.99790012836456, 0, 0.064771547913551, 0, 0, 1, 0, 0, -0.064771547913551, 0, 0.99790012836456, 0, 0, 0, 0, 1, },
		{ 0.99663734436035, 0, 0.081939108669758, 0, 0, 1, 0, 0, -0.081939108669758, 0, 0.99663734436035, 0, 0, 0, 0, 1, },
		{ 0.99488264322281, 0, 0.10103750228882, 0, 0, 1, 0, 0, -0.10103750228882, 0, 0.99488264322281, 0, 0, 0, 0, 1, },
		{ 0.9925292134285, 0, 0.12200742214918, 0, 0, 1, 0, 0, -0.12200742214918, 0, 0.9925292134285, 0, 0, 0, 0, 1, },
		{ 0.98946475982666, 0, 0.14477396011353, 0, 0, 1, 0, 0, -0.14477396011353, 0, 0.98946475982666, 0, 0, 0, 0, 1, },
		{ 0.9855740070343, 0, 0.1692450940609, 0, 0, 1, 0, 0, -0.1692450940609, 0, 0.9855740070343, 0, 0, 0, 0, 1, },
		{ 0.9807413816452, 0, 0.19531099498272, 0, 0, 1, 0, 0, -0.19531099498272, 0, 0.9807413816452, 0, 0, 0, 0, 1, },
		{ 0.97485429048538, 0, 0.22284327447414, 0, 0, 1, 0, 0, -0.22284327447414, 0, 0.97485429048538, 0, 0, 0, 0, 1, },
		{ 0.96780663728714, 0, 0.25169476866722, 0, 0, 1, 0, 0, -0.25169476866722, 0, 0.96780663728714, 0, 0, 0, 0, 1, },
		{ 0.95950227975845, 0, 0.28170090913773, 0, 0, 1, 0, 0, -0.28170090913773, 0, 0.95950227975845, 0, 0, 0, 0, 1, },
		{ 0.9498587846756, 0, 0.31267926096916, 0, 0, 1, 0, 0, -0.31267926096916, 0, 0.9498587846756, 0, 0, 0, 0, 1, },
		{ 0.9388108253479, 0, 0.34443315863609, 0, 0, 1, 0, 0, -0.34443315863609, 0, 0.9388108253479, 0, 0, 0, 0, 1, },
		{ 0.92631393671036, 0, 0.37675258517265, 0, 0, 1, 0, 0, -0.37675258517265, 0, 0.92631393671036, 0, 0, 0, 0, 1, },
		{ 0.91234666109085, 0, 0.40941861271858, 0, 0, 1, 0, 0, -0.40941861271858, 0, 0.91234666109085, 0, 0, 0, 0, 1, },
		{ 0.89691346883774, 0, 0.44220614433289, 0, 0, 1, 0, 0, -0.44220614433289, 0, 0.89691346883774, 0, 0, 0, 0, 1, },
		{ 0.8800460100174, 0, 0.47488841414452, 0, 0, 1, 0, 0, -0.47488841414452, 0, 0.8800460100174, 0, 0, 0, 0, 1, },
		{ 0.86180394887924, 0, 0.5072415471077, 0, 0, 1, 0, 0, -0.5072415471077, 0, 0.86180394887924, 0, 0, 0, 0, 1, },
		{ 0.84227466583252, 0, 0.53904861211777, 0, 0, 1, 0, 0, -0.53904861211777, 0, 0.84227466583252, 0, 0, 0, 0, 1, },
		{ 0.82157200574875, 0, 0.57010477781296, 0, 0, 1, 0, 0, -0.57010477781296, 0, 0.82157200574875, 0, 0, 0, 0, 1, },
		{ 0.7998343706131, 0, 0.60022079944611, 0, 0, 1, 0, 0, -0.60022079944611, 0, 0.7998343706131, 0, 0, 0, 0, 1, },
		{ 0.77722197771072, 0, 0.62922644615173, 0, 0, 1, 0, 0, -0.62922644615173, 0, 0.77722197771072, 0, 0, 0, 0, 1, },
		{ 0.75391346216202, 0, 0.65697371959686, 0, 0, 1, 0, 0, -0.65697371959686, 0, 0.75391346216202, 0, 0, 0, 0, 1, },
		{ 0.73010128736496, 0, 0.68333894014359, 0, 0, 1, 0, 0, -0.68333894014359, 0, 0.73010128736496, 0, 0, 0, 0, 1, },
		{ 0.70598769187927, 0, 0.70822411775589, 0, 0, 1, 0, 0, -0.70822411775589, 0, 0.70598769187927, 0, 0, 0, 0, 1, },
		{ 0.68178099393845, 0, 0.73155635595322, 0, 0, 1, 0, 0, -0.73155635595322, 0, 0.68178099393845, 0, 0, 0, 0, 1, },
		{ 0.65769010782242, 0, 0.75328862667084, 0, 0, 1, 0, 0, -0.75328862667084, 0, 0.65769010782242, 0, 0, 0, 0, 1, },
		{ 0.63392144441605, 0, 0.77339744567871, 0, 0, 1, 0, 0, -0.77339744567871, 0, 0.63392144441605, 0, 0, 0, 0, 1, },
		{ 0.61067450046539, 0, 0.79188174009323, 0, 0, 1, 0, 0, -0.79188174009323, 0, 0.61067450046539, 0, 0, 0, 0, 1, },
		{ 0.58813959360123, 0, 0.80875939130783, 0, 0, 1, 0, 0, -0.80875939130783, 0, 0.58813959360123, 0, 0, 0, 0, 1, },
		{ 0.56649440526962, 0, 0.82406556606293, 0, 0, 1, 0, 0, -0.82406556606293, 0, 0.56649440526962, 0, 0, 0, 0, 1, },
		{ 0.545902967453, 0, 0.8378484249115, 0, 0, 1, 0, 0, -0.8378484249115, 0, 0.545902967453, 0, 0, 0, 0, 1, },
		{ 0.52651339769363, 0, 0.85016685724258, 0, 0, 1, 0, 0, -0.85016685724258, 0, 0.52651339769363, 0, 0, 0, 0, 1, },
		{ 0.50845718383789, 0, 0.86108726263046, 0, 0, 1, 0, 0, -0.86108726263046, 0, 0.50845718383789, 0, 0, 0, 0, 1, },
		{ 0.49184989929199, 0, 0.87068003416061, 0, 0, 1, 0, 0, -0.87068003416061, 0, 0.49184989929199, 0, 0, 0, 0, 1, },
		{ 0.47678974270821, 0, 0.87901735305786, 0, 0, 1, 0, 0, -0.87901735305786, 0, 0.47678974270821, 0, 0, 0, 0, 1, },
		{ 0.46335896849632, 0, 0.88617068529129, 0, 0, 1, 0, 0, -0.88617068529129, 0, 0.46335896849632, 0, 0, 0, 0, 1, },
		{ 0.45162454247475, 0, 0.89220809936523, 0, 0, 1, 0, 0, -0.89220809936523, 0, 0.45162454247475, 0, 0, 0, 0, 1, },
		{ 0.44163852930069, 0, 0.89719307422638, 0, 0, 1, 0, 0, -0.89719307422638, 0, 0.44163852930069, 0, 0, 0, 0, 1, },
		{ 0.43343907594681, 0, 0.90118288993835, 0, 0, 1, 0, 0, -0.90118288993835, 0, 0.43343907594681, 0, 0, 0, 0, 1, },
		{ 0.42705199122429, 0, 0.90422707796097, 0, 0, 1, 0, 0, -0.90422707796097, 0, 0.42705199122429, 0, 0, 0, 0, 1, },
		{ 0.42249166965485, 0, 0.90636682510376, 0, 0, 1, 0, 0, -0.90636682510376, 0, 0.42249166965485, 0, 0, 0, 0, 1, },
		{ 0.41976070404053, 0, 0.90763479471207, 0, 0, 1, 0, 0, -0.90763479471207, 0, 0.41976070404053, 0, 0, 0, 0, 1, },
		{ 0.41885322332382, 0, 0.90805393457413, 0, 0, 1, 0, 0, -0.90805393457413, 0, 0.41885322332382, 0, 0, 0, 0, 1, },
	},
}
end
