function data()
return {
	times = { 0, 41.667, 83.333, 125, 166.667, 208.333, 250, 291.667, 333.333, 375, 416.667, 458.333, 500, 541.667, 583.333, 625, 666.667, 708.333, 750, 791.667, 833.333, 875, 916.667, 958.333, 1000, 1041.667, 1083.333, 1125, 1166.667, 1208.333, 1250, 1291.667, 1333.333, 1375, 1416.667, 1458.333, 1500, 1541.667, 1583.333, 1625, 1666.667, 1708.333, 1750, 1791.667, 1833.333, 1875, 1916.667, 1958.333, 2000, 2041.667, 2083.333, },
	transfs = {
		{ 1, 0, 0, 0, 0, 1, 0, 0, 0, 0, 1, 0, 0, 0, 0, 1, },
		{ 0.99999910593033, 0, -0.0013472210848704, 0, 0, 1, 0, 0, 0.0013472210848704, 0, 0.99999910593033, 0, 0, 0, 0, 1, },
		{ 0.99998539686203, 0, -0.0054056388325989, 0, 0, 1, 0, 0, 0.0054056388325989, 0, 0.99998539686203, 0, 0, 0, 0, 1, },
		{ 0.99992561340332, 0, -0.012195962481201, 0, 0, 1, 0, 0, 0.012195962481201, 0, 0.99992561340332, 0, 0, 0, 0, 1, },
		{ 0.9997638463974, 0, -0.021731916815042, 0, 0, 1, 0, 0, 0.021731916815042, 0, 0.9997638463974, 0, 0, 0, 0, 1, },
		{ 0.99942117929459, 0, -0.034018602222204, 0, 0, 1, 0, 0, 0.034018602222204, 0, 0.99942117929459, 0, 0, 0, 0, 1, },
		{ 0.99879628419876, 0, -0.049050405621529, 0, 0, 1, 0, 0, 0.049050405621529, 0, 0.99879628419876, 0, 0, 0, 0, 1, },
		{ 0.99776577949524, 0, -0.066808715462685, 0, 0, 1, 0, 0, 0.066808715462685, 0, 0.99776577949524, 0, 0, 0, 0, 1, },
		{ 0.99618566036224, 0, -0.08725918084383, 0, 0, 1, 0, 0, 0.08725918084383, 0, 0.99618566036224, 0, 0, 0, 0, 1, },
		{ 0.99389290809631, 0, -0.11034903675318, 0, 0, 1, 0, 0, 0.11034903675318, 0, 0.99389290809631, 0, 0, 0, 0, 1, },
		{ 0.99070829153061, 0, -0.13600397109985, 0, 0, 1, 0, 0, 0.13600397109985, 0, 0.99070829153061, 0, 0, 0, 0, 1, },
		{ 0.98643946647644, 0, -0.16412541270256, 0, 0, 1, 0, 0, 0.16412541270256, 0, 0.98643946647644, 0, 0, 0, 0, 1, },
		{ 0.9808851480484, 0, -0.1945876032114, 0, 0, 1, 0, 0, 0.1945876032114, 0, 0.9808851480484, 0, 0, 0, 0, 1, },
		{ 0.97383975982666, 0, -0.22723571956158, 0, 0, 1, 0, 0, 0.22723571956158, 0, 0.97383975982666, 0, 0, 0, 0, 1, },
		{ 0.96509939432144, 0, -0.26188388466835, 0, 0, 1, 0, 0, 0.26188388466835, 0, 0.96509939432144, 0, 0, 0, 0, 1, },
		{ 0.95446771383286, 0, -0.29831427335739, 0, 0, 1, 0, 0, 0.29831427335739, 0, 0.95446771383286, 0, 0, 0, 0, 1, },
		{ 0.94176286458969, 0, -0.33627769351006, 0, 0, 1, 0, 0, 0.33627769351006, 0, 0.94176286458969, 0, 0, 0, 0, 1, },
		{ 0.9268245100975, 0, -0.37549471855164, 0, 0, 1, 0, 0, 0.37549471855164, 0, 0.9268245100975, 0, 0, 0, 0, 1, },
		{ 0.90952086448669, 0, -0.41565826535225, 0, 0, 1, 0, 0, 0.41565826535225, 0, 0.90952086448669, 0, 0, 0, 0, 1, },
		{ 0.8897550702095, 0, -0.45643827319145, 0, 0, 1, 0, 0, 0.45643827319145, 0, 0.8897550702095, 0, 0, 0, 0, 1, },
		{ 0.86747163534164, 0, -0.49748665094376, 0, 0, 1, 0, 0, 0.49748665094376, 0, 0.86747163534164, 0, 0, 0, 0, 1, },
		{ 0.84266102313995, 0, -0.53844445943832, 0, 0, 1, 0, 0, 0.53844445943832, 0, 0.84266102313995, 0, 0, 0, 0, 1, },
		{ 0.81536310911179, 0, -0.57894986867905, 0, 0, 1, 0, 0, 0.57894986867905, 0, 0.81536310911179, 0, 0, 0, 0, 1, },
		{ 0.78566974401474, 0, -0.61864620447159, 0, 0, 1, 0, 0, 0.61864620447159, 0, 0.78566974401474, 0, 0, 0, 0, 1, },
		{ 0.75372380018234, 0, -0.65719133615494, 0, 0, 1, 0, 0, 0.65719133615494, 0, 0.75372380018234, 0, 0, 0, 0, 1, },
		{ 0.71971786022186, 0, -0.69426667690277, 0, 0, 1, 0, 0, 0.69426667690277, 0, 0.71971786022186, 0, 0, 0, 0, 1, },
		{ 0.6838903427124, 0, -0.72958481311798, 0, 0, 1, 0, 0, 0.72958481311798, 0, 0.6838903427124, 0, 0, 0, 0, 1, },
		{ 0.64651966094971, 0, -0.76289731264114, 0, 0, 1, 0, 0, 0.76289731264114, 0, 0.64651966094971, 0, 0, 0, 0, 1, },
		{ 0.60791766643524, 0, -0.79400008916855, 0, 0, 1, 0, 0, 0.79400008916855, 0, 0.60791766643524, 0, 0, 0, 0, 1, },
		{ 0.56842094659805, 0, -0.82273787260056, 0, 0, 1, 0, 0, 0.82273787260056, 0, 0.56842094659805, 0, 0, 0, 0, 1, },
		{ 0.5283824801445, 0, -0.8490064740181, 0, 0, 1, 0, 0, 0.8490064740181, 0, 0.5283824801445, 0, 0, 0, 0, 1, },
		{ 0.48816260695457, 0, -0.87275266647339, 0, 0, 1, 0, 0, 0.87275266647339, 0, 0.48816260695457, 0, 0, 0, 0, 1, },
		{ 0.4481203854084, 0, -0.89397323131561, 0, 0, 1, 0, 0, 0.89397323131561, 0, 0.4481203854084, 0, 0, 0, 0, 1, },
		{ 0.40860536694527, 0, -0.91271114349365, 0, 0, 1, 0, 0, 0.91271114349365, 0, 0.40860536694527, 0, 0, 0, 0, 1, },
		{ 0.36995169520378, 0, -0.92905098199844, 0, 0, 1, 0, 0, 0.92905098199844, 0, 0.36995169520378, 0, 0, 0, 0, 1, },
		{ 0.33246973156929, 0, -0.94311392307281, 0, 0, 1, 0, 0, 0.94311392307281, 0, 0.33246973156929, 0, 0, 0, 0, 1, },
		{ 0.29644569754601, 0, -0.95504969358444, 0, 0, 1, 0, 0, 0.95504969358444, 0, 0.29644569754601, 0, 0, 0, 0, 1, },
		{ 0.26213464140892, 0, -0.96503132581711, 0, 0, 1, 0, 0, 0.96503132581711, 0, 0.26213464140892, 0, 0, 0, 0, 1, },
		{ 0.22976118326187, 0, -0.97324705123901, 0, 0, 1, 0, 0, 0.97324705123901, 0, 0.22976118326187, 0, 0, 0, 0, 1, },
		{ 0.19951824843884, 0, -0.97989410161972, 0, 0, 1, 0, 0, 0.97989410161972, 0, 0.19951824843884, 0, 0, 0, 0, 1, },
		{ 0.17156891524792, 0, -0.98517209291458, 0, 0, 1, 0, 0, 0.98517209291458, 0, 0.17156891524792, 0, 0, 0, 0, 1, },
		{ 0.14604525268078, 0, -0.98927789926529, 0, 0, 1, 0, 0, 0.98927789926529, 0, 0.14604525268078, 0, 0, 0, 0, 1, },
		{ 0.12305279821157, 0, -0.99240010976791, 0, 0, 1, 0, 0, 0.99240010976791, 0, 0.12305279821157, 0, 0, 0, 0, 1, },
		{ 0.10267256200314, 0, -0.99471521377563, 0, 0, 1, 0, 0, 0.99471521377563, 0, 0.10267256200314, 0, 0, 0, 0, 1, },
		{ 0.084962941706181, 0, -0.9963840842247, 0, 0, 1, 0, 0, 0.9963840842247, 0, 0.084962941706181, 0, 0, 0, 0, 1, },
		{ 0.069963030517101, 0, -0.99754959344864, 0, 0, 1, 0, 0, 0.99754959344864, 0, 0.069963030517101, 0, 0, 0, 0, 1, },
		{ 0.057697016745806, 0, -0.99833410978317, 0, 0, 1, 0, 0, 0.99833410978317, 0, 0.057697016745806, 0, 0, 0, 0, 1, },
		{ 0.048173110932112, 0, -0.99883902072906, 0, 0, 1, 0, 0, 0.99883902072906, 0, 0.048173110932112, 0, 0, 0, 0, 1, },
		{ 0.041388876736164, 0, -0.99914312362671, 0, 0, 1, 0, 0, 0.99914312362671, 0, 0.041388876736164, 0, 0, 0, 0, 1, },
		{ 0.037333901971579, 0, -0.99930286407471, 0, 0, 1, 0, 0, 0.99930286407471, 0, 0.037333901971579, 0, 0, 0, 0, 1, },
		{ 0.035987380892038, 0, -0.99935221672058, 0, 0, 1, 0, 0, 0.99935221672058, 0, 0.035987380892038, 0, 0, 0, 0, 1, },
	},
}
end
